12
23
34
45
56
67
78
89
90
452082939980173312
452179162816872448
452078160268783617
450756794915094528
452179162816872448
452082939980173312
455885202624364544
452082939980173312
455885202624364544
455842006527647745
451444056241881090
452082939980173312
452179162816872448
449022709695922176
449086989519040512
451845319849172994
455885202624364544
454343180574818304
452081034264588288
457341311134478336
457337583090298880
451755113779331074
451444056241881090
452082939980173312
452179162816872448
449022709695922176
449086989519040512
451845319849172994
455885202624364544
454343180574818304
452081034264588288
457341311134478336
457337583090298880
451755113779331074
455842006527647745
455842733450887168
455842006527647745
455842733450887168
452078160268783617
450756794915094528
450756794915094528
452078160268783617
455886815191646208
454814097352445952
455884770220601344
455891196632920064
455891074901610496
455886815191646208
451444056241881090
452082939980173312
452179162816872448
449022709695922176
449086989519040512
451845319849172994
454343180574818304
455885202624364544
452081034264588288
457341311134478336
457337583090298880
451755113779331074
455842733450887168
455842006527647745
452078160268783617
450756794915094528
455884770220601344
455891196632920064
455891074901610496
455891074901610496
455891196632920064
454126954380148737
448659553908191232
451444056241881090
452082939980173312
452179162816872448
449022709695922176
449086989519040512
451845319849172994
454343180574818304
455885202624364544
452081034264588288
457341311134478336
457337583090298880
451755113779331074
455842006527647745
455842733450887168
452078160268783617
450756794915094528
451918916416458752
454126954380148737
455884770220601344
455886815191646208
454814097352445952
451918916416458752
454814097352445952
455886815191646208
455891196632920064
455884770220601344
455891074901610496
451918916416458752
448659553908191232
451444056241881090
452179162816872448
452082939980173312
449022709695922176
449086989519040512
451845319849172994
455885202624364544
454343180574818304
452081034264588288
457337583090298880
457341311134478336
451755113779331074
455842733450887168
455842006527647745
450756794915094528
452078160268783617
448659553908191232
454126954380148737
454126954380148737
455891074901610496
455884770220601344
451918916416458752
455891196632920064
455886815191646208
454814097352445952
448659553908191232
448659553908191232
454814097352445952
451918916416458752
454126954380148737
454716045929234433
451444056241881090
452082939980173312
452179162816872448
449022709695922176
449086989519040512
451845319849172994
454343180574818304
455885202624364544
452081034264588288
457341311134478336
457337583090298880
451755113779331074
455842733450887168
455842006527647745
452078160268783617
450756794915094528
455886815191646208
454126954380148737
454814097352445952
451918916416458752
455884770220601344
455891074901610496
455891196632920064
455793714682945536
455793714682945536
454716045929234433
454714416681205760
455793714682945536
454716045929234433
451444056241881090
452179162816872448
452082939980173312
449022709695922176
449086989519040512
451845319849172994
454343180574818304
455885202624364544
452081034264588288
457341311134478336
457337583090298880
451755113779331074
455842733450887168
455842006527647745
450756794915094528
452078160268783617
455884770220601344
455891196632920064
455891074901610496
455886815191646208
454814097352445952
454126954380148737
451918916416458752
455793714682945536
454714416681205760
454714416681205760
454716045929234433
455793714682945536
455793714682945536
454716045929234433
451444056241881090
452082939980173312
452179162816872448
449022709695922176
449086989519040512
451845319849172994
455885202624364544
454343180574818304
452081034264588288
457337583090298880
457341311134478336
451755113779331074
455842733450887168
455842006527647745
452078160268783617
450756794915094528
455891074901610496
455891196632920064
455884770220601344
455886815191646208
454126954380148737
451918916416458752
454814097352445952
455793714682945536
454714416681205760
454716045929234433
454714416681205760
454714416681205760
455793714682945536
454714416681205760
451444056241881090
452179162816872448
452082939980173312
449022709695922176
449086989519040512
451845319849172994
454343180574818304
455885202624364544
452081034264588288
457337583090298880
457341311134478336
451755113779331074
455842006527647745
455842733450887168
452078160268783617
450756794915094528
454814097352445952
451918916416458752
455891074901610496
455891196632920064
455886815191646208
455884770220601344
454126954380148737
454714416681205760
455793714682945536
454716045929234433
454716045929234433
454716045929234433
448647935635771392
454714416681205760
451444056241881090
452082939980173312
452179162816872448
449022709695922176
449086989519040512
451845319849172994
455885202624364544
454343180574818304
452081034264588288
457337583090298880
457341311134478336
451755113779331074
455842733450887168
455842006527647745
450756794915094528
452078160268783617
455886815191646208
455884770220601344
451918916416458752
455891196632920064
455891074901610496
454126954380148737
454814097352445952
454716045929234433
455793714682945536
454714416681205760
454714963366776832
454097457975402496
454756357552742401
451444056241881090
452082939980173312
452179162816872448
449022709695922176
449086989519040512
451845319849172994
454343180574818304
455885202624364544
452081034264588288
457337583090298880
457341311134478336
451755113779331074
455842733450887168
455842006527647745
450756794915094528
452078160268783617
455891074901610496
455884770220601344
454126954380148737
455886815191646208
454814097352445952
451918916416458752
455891196632920064
454714416681205760
455793714682945536
454716045929234433
454714963366776832
452239674833375232
451444056241881090
452179162816872448
452082939980173312
449022709695922176
449086989519040512
451845319849172994
455885202624364544
454343180574818304
452081034264588288
457341311134478336
457337583090298880
451755113779331074
455842006527647745
455842733450887168
452078160268783617
450756794915094528
451918916416458752
455891074901610496
455886815191646208
454814097352445952
455891196632920064
455884770220601344
454126954380148737
454716045929234433
454714416681205760
455793714682945536
454756357552742401
452239674833375232
454097457975402496
452239674833375232
451444056241881090
452179162816872448
452082939980173312
449022709695922176
449086989519040512
451845319849172994
455885202624364544
454343180574818304
452081034264588288
457341311134478336
457337583090298880
451755113779331074
455842006527647745
455842733450887168
452078160268783617
450756794915094528
454814097352445952
455886815191646208
455884770220601344
455891196632920064
451918916416458752
455891074901610496
454126954380148737
454716045929234433
454714416681205760
455793714682945536
454097457975402496
452239674833375232
454756357552742401
454714963366776832
451444056241881090
452179162816872448
452082939980173312
449022709695922176
449086989519040512
451845319849172994
455885202624364544
454343180574818304
452081034264588288
457337583090298880
457341311134478336
451755113779331074
455842006527647745
455842733450887168
452078160268783617
450756794915094528
455886815191646208
454814097352445952
451918916416458752
455884770220601344
454126954380148737
455891196632920064
455891074901610496
455793714682945536
454716045929234433
454714416681205760
454714963366776832
454756357552742401
454097457975402496
452239674833375232
451444056241881090
452179162816872448
452082939980173312
449022709695922176
449086989519040512
451845319849172994
454343180574818304
455885202624364544
452081034264588288
457337583090298880
457341311134478336
451755113779331074
455842006527647745
455842733450887168
452078160268783617
450756794915094528
455886815191646208
454814097352445952
455891196632920064
454126954380148737
455884770220601344
455891074901610496
451918916416458752
454714416681205760
454716045929234433
455793714682945536
454756357552742401
452239674833375232
454097457975402496
454714963366776832
451444056241881090
452082939980173312
452179162816872448
449022709695922176
449086989519040512
451845319849172994
455885202624364544
454343180574818304
452081034264588288
457337583090298880
457341311134478336
451755113779331074
455842733450887168
455842006527647745
452078160268783617
450756794915094528
454126954380148737
455891074901610496
455884770220601344
455891196632920064
455886815191646208
454814097352445952
451918916416458752
454716045929234433
455793714682945536
454714416681205760
454097457975402496
454714963366776832
454756357552742401
452239674833375232
451444056241881090
452082939980173312
452179162816872448
449022709695922176
449086989519040512
451845319849172994
455885202624364544
454343180574818304
452081034264588288
457337583090298880
457341311134478336
451755113779331074
455842733450887168
455842006527647745
452078160268783617
450756794915094528
455891196632920064
455886815191646208
455891074901610496
455884770220601344
454814097352445952
454126954380148737
451918916416458752
454716045929234433
455793714682945536
454714416681205760
454756357552742401
454714963366776832
454097457975402496
454714963366776832
451444056241881090
452179162816872448
452082939980173312
449022709695922176
449086989519040512
451845319849172994
455885202624364544
454343180574818304
452081034264588288
457341311134478336
457337583090298880
451755113779331074
455842006527647745
455842733450887168
452078160268783617
450756794915094528
454126954380148737
455884770220601344
455886815191646208
455891074901610496
451918916416458752
455891196632920064
454814097352445952
455793714682945536
454716045929234433
454714416681205760
454756357552742401
454756357552742401
454714963366776832
454756357552742401
451444056241881090
452179162816872448
452082939980173312
449022709695922176
449086989519040512
451845319849172994
455885202624364544
454343180574818304
452081034264588288
457341311134478336
457337583090298880
451755113779331074
455842006527647745
455842733450887168
452078160268783617
450756794915094528
455891196632920064
454126954380148737
451918916416458752
455886815191646208
455884770220601344
454814097352445952
455891074901610496
455793714682945536
454716045929234433
454714416681205760
452239674833375232
454714963366776832
452239674833375232
451444056241881090
452082939980173312
452179162816872448
449086989519040512
451845319849172994
454343180574818304
455885202624364544
452081034264588288
457337583090298880
457341311134478336
451755113779331074
455842006527647745
455842733450887168
452078160268783617
450756794915094528
454126954380148737
455884770220601344
455891074901610496
451918916416458752
455891196632920064
454814097352445952
455886815191646208
454716045929234433
454714416681205760
455793714682945536
454097457975402496
454714963366776832
452239674833375232
454756357552742401
454714963366776832
451444056241881090
452082939980173312
452179162816872448
449086989519040512
451845319849172994
455885202624364544
454343180574818304
452081034264588288
457341311134478336
457337583090298880
451755113779331074
455842733450887168
455842006527647745
452078160268783617
450756794915094528
451918916416458752
455891074901610496
455884770220601344
455891196632920064
454126954380148737
455886815191646208
454814097352445952
455793714682945536
454714416681205760
454716045929234433
454756357552742401
452239674833375232
454714963366776832
454097457975402496
454756357552742401
451444056241881090
452179162816872448
452082939980173312
451845319849172994
454343180574818304
455885202624364544
452081034264588288
457337583090298880
457341311134478336
451755113779331074
455842006527647745
455842733450887168
450756794915094528
452078160268783617
451918916416458752
454126954380148737
455886815191646208
455884770220601344
455891196632920064
455891074901610496
454814097352445952
454714416681205760
455793714682945536
454716045929234433
452239674833375232
454097457975402496
454097457975402496
448650107555438592
454097457975402496
454756357552742401
451444056241881090
452082939980173312
452179162816872448
451845319849172994
454343180574818304
455885202624364544
452081034264588288
457337583090298880
457341311134478336
451755113779331074
455842006527647745
455842733450887168
450756794915094528
452078160268783617
455891074901610496
455891196632920064
451444056241881090
452179162816872448
452082939980173312
449022709695922176
449086989519040512
451845319849172994
455885202624364544
454343180574818304
452081034264588288
457337583090298880
457341311134478336
451755113779331074
455842006527647745
455842733450887168
452078160268783617
450756794915094528
455891196632920064
455891074901610496
455886815191646208
454126954380148737
451918916416458752
455884770220601344
454814097352445952
448659553908191232
454716045929234433
454714416681205760
455793714682945536
452239674833375232
448650107555438592
451444056241881090
452179162816872448
452082939980173312
449022709695922176
449086989519040512
451845319849172994
455885202624364544
454343180574818304
452081034264588288
457337583090298880
457341311134478336
451755113779331074
455842733450887168
455842006527647745
452078160268783617
450756794915094528
454126954380148737
455884770220601344
455891196632920064
455886815191646208
448659553908191232
451918916416458752
454814097352445952
455891074901610496
455793714682945536
454714416681205760
454716045929234433
452239674833375232
454756357552742401
454714963366776832
451444056241881090
452179162816872448
452082939980173312
449022709695922176
449086989519040512
451845319849172994
455885202624364544
454343180574818304
452081034264588288
457337583090298880
457341311134478336
451755113779331074
455842733450887168
455842006527647745
450756794915094528
452078160268783617
455891074901610496
454814097352445952
454126954380148737
451918916416458752
455891196632920064
448659553908191232
455884770220601344
455886815191646208
454716045929234433
454714416681205760
455793714682945536
454756357552742401
454714963366776832
451444056241881090
452082939980173312
452179162816872448
449022709695922176
449086989519040512
451845319849172994
454343180574818304
455885202624364544
452081034264588288
457341311134478336
457337583090298880
